Vbe (V)	Ibe (A)
1.701E-3	4.500E-12
5.258E-2	-2.700E-12
1.097E-1	-1.300E-12
1.575E-1	-4.400E-12
2.032E-1	5.000E-13
2.510E-1	-5.100E-12
3.037E-1	-2.100E-12
3.503E-1	-2.500E-12
3.979E-1	1.300E-12
4.482E-1	-4.000E-13
5.046E-1	4.400E-12
5.549E-1	-9.000E-13
6.039E-1	-1.500E-12
6.541E-1	-3.100E-12
7.050E-1	3.500E-12
7.527E-1	-5.200E-12
7.992E-1	3.300E-12
8.569E-1	-4.000E-12
9.041E-1	1.320E-11
9.480E-1	3.263E-10
1.004E+0	5.059E-7
1.049E+0	2.156E-4
1.093E+0	4.798E-3
1.149E+0	2.029E-2
1.149E+0	2.029E-2
1.149E+0	2.027E-2
1.124E+0	1.248E-2
1.084E+0	3.137E-3
1.108E+0	8.162E-3
1.136E+0	1.592E-2
