Ube	Uce	Ib	Ic
5.997E-1	4.794E-2	8.710E-7	8.853E-5
5.989E-1	1.011E-1	2.318E-6	1.092E-4
6.002E-1	1.964E-1	9.098E-7	1.203E-4
6.003E-1	3.079E-1	8.692E-7	1.211E-4
6.003E-1	4.049E-1	8.700E-7	1.212E-4
6.003E-1	5.107E-1	8.688E-7	1.214E-4
6.004E-1	5.802E-1	8.709E-7	1.217E-4
6.003E-1	7.049E-1	8.705E-7	1.216E-4
6.003E-1	7.869E-1	8.692E-7	1.217E-4
6.003E-1	8.829E-1	8.702E-7	1.218E-4
6.003E-1	1.005E+0	8.688E-7	1.219E-4
6.003E-1	1.111E+0	8.706E-7	1.220E-4
6.003E-1	1.204E+0	8.694E-7	1.221E-4
6.003E-1	1.309E+0	8.682E-7	1.222E-4
6.003E-1	1.409E+0	8.692E-7	1.220E-4
6.003E-1	1.514E+0	8.699E-7	1.222E-4
6.003E-1	1.607E+0	8.716E-7	1.221E-4
6.003E-1	1.693E+0	8.713E-7	1.224E-4
6.003E-1	1.803E+0	8.710E-7	1.225E-4
6.003E-1	1.892E+0	8.701E-7	1.224E-4
6.003E-1	2.000E+0	8.713E-7	1.225E-4
