Ube	Uce	Ib	Ic
6.461E-1	5.810E-3	1.624E-4	-2.064E-5
6.875E-1	9.292E-2	1.204E-4	2.664E-3
7.124E-1	1.912E-1	9.524E-5	6.834E-3
7.215E-1	2.829E-1	8.725E-5	9.436E-3
7.267E-1	3.846E-1	8.057E-5	1.120E-2
7.270E-1	5.005E-1	8.019E-5	1.171E-2
7.271E-1	6.003E-1	8.011E-5	1.198E-2
7.270E-1	6.896E-1	8.021E-5	1.220E-2
7.268E-1	7.985E-1	8.045E-5	1.226E-2
7.264E-1	8.936E-1	8.095E-5	1.234E-2
7.259E-1	1.008E+0	8.134E-5	1.242E-2
7.255E-1	1.085E+0	8.175E-5	1.249E-2
7.250E-1	1.195E+0	8.225E-5	1.259E-2
7.243E-1	1.294E+0	8.310E-5	1.272E-2
7.236E-1	1.407E+0	8.376E-5	1.284E-2
7.230E-1	1.490E+0	8.446E-5	1.296E-2
7.220E-1	1.610E+0	8.531E-5	1.311E-2
7.213E-1	1.711E+0	8.619E-5	1.327E-2
7.205E-1	1.796E+0	8.696E-5	1.339E-2
7.196E-1	1.902E+0	8.797E-5	1.357E-2
7.187E-1	2.000E+0	8.893E-5	1.375E-2
