Ube	Uce	Ib	Ic
3.044E-3	1.007E+0	5.000E-13	1.266E-7
9.977E-2	1.007E+0	1.100E-12	1.414E-7
2.084E-1	1.007E+0	2.000E-13	1.338E-7
3.140E-1	1.007E+0	3.350E-11	1.400E-7
3.931E-1	1.007E+0	5.364E-10	1.753E-7
4.943E-1	1.007E+0	1.954E-8	2.103E-6
5.899E-1	1.007E+0	5.960E-7	8.155E-5
6.865E-1	1.007E+0	2.204E-5	3.365E-3
7.262E-1	1.006E+0	7.716E-5	1.172E-2
7.514E-1	1.006E+0	1.644E-4	2.407E-2
7.656E-1	1.006E+0	2.502E-4	3.342E-2
7.727E-1	1.006E+0	3.266E-4	4.002E-2
7.820E-1	1.006E+0	4.326E-4	4.749E-2
