Ube	Uce	Ib	Ic
3.963E-1	3.557E-4	3.486E-8	9.801E-8
3.963E-1	1.024E-1	1.370E-9	1.763E-7
3.963E-1	1.971E-1	6.395E-10	1.810E-7
3.963E-1	3.148E-1	6.129E-10	1.850E-7
3.963E-1	4.050E-1	6.081E-10	1.856E-7
3.963E-1	5.025E-1	6.078E-10	1.871E-7
3.963E-1	6.034E-1	6.075E-10	1.845E-7
3.963E-1	7.117E-1	6.070E-10	1.759E-7
3.963E-1	8.001E-1	6.052E-10	1.849E-7
3.963E-1	8.887E-1	6.067E-10	1.804E-7
3.963E-1	9.955E-1	6.059E-10	1.800E-7
3.963E-1	1.098E+0	6.053E-10	1.769E-7
3.963E-1	1.202E+0	6.046E-10	1.821E-7
3.963E-1	1.304E+0	6.049E-10	1.717E-7
3.963E-1	1.399E+0	6.048E-10	1.789E-7
3.963E-1	1.512E+0	6.033E-10	1.776E-7
3.963E-1	1.600E+0	6.025E-10	1.810E-7
3.963E-1	1.700E+0	6.018E-10	1.799E-7
3.963E-1	1.802E+0	6.032E-10	1.784E-7
3.963E-1	1.899E+0	5.987E-10	1.866E-7
3.963E-1	2.000E+0	5.987E-10	1.855E-7
