Ube	Uce	Ib	Ic
2.078E-1	3.905E-4	8.120E-11	6.034E-8
2.078E-1	9.436E-2	4.400E-12	6.236E-8
2.078E-1	1.952E-1	5.000E-13	6.443E-8
2.079E-1	3.085E-1	1.700E-12	7.548E-8
2.078E-1	3.974E-1	1.900E-12	8.417E-8
2.078E-1	5.095E-1	2.000E-13	7.979E-8
2.078E-1	5.940E-1	1.500E-12	9.017E-8
2.078E-1	6.955E-1	4.000E-13	1.007E-7
2.079E-1	8.101E-1	1.200E-12	1.026E-7
2.078E-1	8.990E-1	0.000E+0	1.035E-7
2.079E-1	9.985E-1	1.400E-12	1.100E-7
2.078E-1	1.098E+0	1.000E-13	1.089E-7
2.078E-1	1.194E+0	9.000E-13	1.141E-7
2.078E-1	1.296E+0	5.000E-13	1.140E-7
2.078E-1	1.397E+0	9.000E-13	1.226E-7
2.078E-1	1.494E+0	1.200E-12	1.175E-7
2.078E-1	1.601E+0	6.000E-13	1.202E-7
2.078E-1	1.691E+0	8.000E-13	1.225E-7
2.078E-1	1.795E+0	1.200E-12	1.189E-7
2.078E-1	1.903E+0	1.200E-12	1.250E-7
2.078E-1	2.000E+0	1.200E-12	1.259E-7
